family	likelihood	Nobs	Nfossils	root_obs	ext_obs	DA_count	root_est	root_m	root_M	root_est_mode	ext_est	ext_m	ext_M	ext_est_mode	q_est	q_m	q_M	q_est_mode	a_est	a_m	a_M	a_est_mode	sig2_est	sig2_m	sig2_M	sig2_est_mode
Alismatales	-53.6170110221791	14	93	82.5	2.5	1000	89.7763718637358	82.5010605851478	103.14153632756	86.2788256760668	0	0	0	-0.000855233514925779	0.15958151953612	0.00181330444175481	0.393004765039324	0.0331201933248078	1.76054032373134	0.000417610553316156	3.80215515593758	1.30217335854567	-0.0259227742065481	-3.39759091106777	3.38332782677118	0.229691741390103	
Apiales	-39.4965602584084	7	35	95	5	1000	111.96298682252	95.0023299380172	144.163937947712	100.453116786835	0	0	0	-0.000855233514925779	0.033837563857011	1.49350106627041e-05	0.133181503669678	0.00429233972730296	2.52109128098316	0.356990220576522	4.71195569485488	2.47703055720644	0.946817696764002	-2.94067053067551	4.89295630837585	2.70427626390687	
Asparagales	-25.566695086049	14	12	67.5	7.5	1000	83.4064079531956	70.0025695455592	109.182740729632	73.9808355158263	0	0	0	-0.000855233514925779	0.00935036322062904	8.99115438994467e-06	0.0262191872058298	0.00361237657081812	1.37925827901088	0.000268358045860506	3.40512025657594	0.382856975493243	3.87319569884711	1.29992614015869	6.22222896108488	4.28143001763602	
Asterales	-23.5255498629746	11	22	42.5	2.5	1000	50.4447225106807	42.5006133591046	63.6196633452015	46.37658196336	0	0	0	-0.000855233514925779	0.064449263954907	2.79191608531726e-05	0.179619749114775	0.0157468687543579	2.89717503312877	0.00240869715647352	6.76366829555383	0.812581693446201	2.07543150862481	-1.20300725919208	5.31454926144321	2.38528669822906	
Brassicales	-25.9088108659098	17	19	62.5	2.5	1000	74.9262152748095	62.5043932533244	96.501701354647	67.1954982995394	0	0	0	-0.000855233514925779	0.0179254541923603	1.95780493764068e-05	0.0586996155865351	0.00366430865153101	2.47033859428535	0.00095753331836157	5.21682013325237	1.9701821471267	2.89512251893972	-0.760154684927843	6.05061893580462	3.66752889378081	
Canellales	-15.0006542874242	2	4	97.5	20	1000	136.280088376654	97.5041236769489	208.896439115483	110.049787504188	0	0	0	-0.000855233514925779	0.00742726881739803	2.76273510064903e-05	0.0258880638940736	0.00180334668707396	0.717439130383716	0.000176542225931331	1.90272059464504	0.15920365272576	1.45742666932891	-2.02880964564842	4.26562136356179	2.56433028586203	
Caryophyllales	-38.2093114667375	38	44	87.5	2.5	1000	104.842772598539	87.5179925218539	137.380892537328	93.4691677642867	0	0	0	-0.000855233514925779	0.00871877686391912	2.36200467315704e-06	0.0317585098407343	0.00120780265016265	3.20748680555875	0.612645045946695	5.57044463365585	2.90110545342198	2.48200709111693	-0.911013746095616	6.06421345277561	3.25928710831841	
Cornales	-47.8344765897353	7	53	90	2.5	1000	98.3702081727141	90.0009445417471	113.529459106382	93.7636187436486	0	0	0	-0.000855233514925779	0.0950358182497846	0.000260316834309577	0.277590321502795	0.0203366408575393	1.18564702121582	2.50321067056247e-05	2.85851512060995	0.273612713233822	1.1779482824023	-2.18507657900564	4.7973831892873	1.46599970876969	
Crossosomatales	-24.0253521011367	7	16	60	5	1000	73.1236475515697	60.0046292428937	96.8605890329966	64.805301189937	0	0	0	-0.000855233514925779	0.0204860181579283	3.39811385066118e-05	0.0802067770797927	0.00316151013093392	3.35164773438253	0.0381213730254703	6.61583229053189	2.69814811302654	2.28760012052916	-1.55453789350211	5.39338517268876	3.16913316804963	
Cucurbitales	-24.3459883524325	8	18	52.5	5	1000	63.5043796895055	52.5081209842232	83.2462207339518	56.7972240034121	0	0	0	-0.000855233514925779	0.0241435463829087	1.08825243983921e-05	0.0860658043690659	0.0042832326589273	3.11477709890326	0.00175584012902719	6.62146808990761	2.59982887544213	3.05628197633471	-0.114218594922355	5.79685649392402	3.89016931462336	
Dipsacales	-37.693379251068	2	42	95	2.5	1000	102.866826850877	95.0000567822361	120.015664708829	96.4842722950448	0	0	0	-0.000855233514925779	0.278667803460999	0.000113591261511957	0.610521289961628	0.178870253044324	1.9863250752901	0.267582978132287	3.65919171844694	1.83700985444599	-3.40794140514438	-6.26288625316835	-0.725125329688541	-3.25269544695215	
Ericales	-80.8127681307308	22	185	112.5	2.5	1000	124.744104955209	112.502030189944	147.451916654594	116.870591455539	0	0	0	-0.000855233514925779	0.025235683055352	8.84385207339253e-05	0.101221777810068	0.00416721842998004	2.89554461031551	1.18517598592949	4.38864283973109	2.9595411570052	2.68763362459301	-0.851567224066354	5.49802299534224	2.78247029824718	
Fabales	-38.5843644945695	4	34	100	2.5	1000	111.063775944301	100.000046458623	133.083016158485	103.632242654879	0	0	0	-0.000855233514925779	0.109549196459745	0.000216676367359785	0.3001650079557	0.0182998415650991	1.30664570140006	0.00132958930574372	2.99397237605828	0.446700507924032	-0.925195420891669	-4.71949035948761	3.38061110060878	-1.19222745709009	
Fagales	-60.5015591823229	7	144	100	2.5	1000	102.917841962776	100.001745003947	107.946815884337	101.616911773939	0	0	0	-0.000855233514925779	0.69811427563889	0.197659304553926	1.15811659327545	0.662903010502183	0.724221464827204	0.000467477868563104	1.63172185364852	0.525863978579683	-1.85077148934898	-3.76305213370392	-0.137873053116755	-1.66335845604556	
Garryales	-24.4594125507604	2	16	65	5	1000	76.8026047008997	65.0056928550237	99.0979699385989	69.4481672213077	0	0	0	-0.000855233514925779	0.0857428578707914	0.000202198105425974	0.292528504302664	0.0158468030480442	2.01821416257689	0.00205584313851759	4.448863915952	1.01803415537281	0.0969389716394288	-4.31089205043556	3.88634289466388	1.92898691199471	
Gentianales	-35.9020532759514	5	45	70	2.5	1000	78.2148437537108	72.5000731398708	91.9596543504786	73.8253950089664	0	0	0	-0.000855233514925779	0.317622306555226	0.004009584226055	0.687188647041406	0.208652509586374	1.64499859240342	0.00284544231187661	3.64290714510535	1.2850583635834	-1.7537707732536	-4.64250366203085	0.798536174914864	-1.7748697339673	
Lamiales	-50.4870455061416	24	84	72.5	2.5	1000	80.9372429216186	75.0013897479492	93.4640940611485	76.3157097424243	0	0	0	-0.000855233514925779	0.0867807287800329	0.000292006027142549	0.225137068462053	0.0207344264289142	1.85125608854948	0.00103577609908595	4.06095208613259	1.1885360049188	2.26319593099709	-0.106909335985611	5.14954654048392	1.8966410732056	
Laurales	-63.6701255682045	7	63	115	2.5	1000	121.49205138657	115.001316717504	131.725655967325	118.857129091335	0	0	0	-0.000855233514925779	0.206573349757838	0.0126425009278573	0.407707075362669	0.212041177156778	0.437564589353599	8.99984319871483e-06	1.2520229069547	0.0994100878794908	0.0126596722130514	-2.22322788519126	2.75284985821798	-0.543423853426264	
Magnoliales	-57.2146041441322	6	64	115	2.5	1000	121.574544835013	115.00044029727	134.08863711929	116.732640131895	0	0	0	-0.000855233514925779	0.234905592049556	0.00426334585101163	0.447306383160951	0.23154738413576	0.579710424237302	0.000285788879945237	1.64321983828262	0.131892108500257	-1.57678237006226	-5.44298590727633	1.99189577995175	-1.341031430141	
Malpighiales	-67.0100049540469	36	157	95	2.5	1000	105.302998040705	95.0045730246306	124.486724300851	98.9673977082384	0	0	0	-0.000855233514925779	0.0300720437616874	1.69812785992809e-05	0.112205801928772	0.00571748544173053	2.81195667007125	0.704612167495031	4.73441712143502	2.91186577355322	3.33553183623777	0.385131677603518	6.06448071831046	3.63228448509343	
Malvales	-45.0136414968608	10	55	87.5	2.5	1000	96.7746924872078	87.5022376448754	115.518453590884	91.2474093737313	0	0	0	-0.000855233514925779	0.136425256478948	0.000353841801557634	0.317563758929423	0.0338673469089191	1.3449955803779	7.13439872196964e-05	3.13223767861785	0.579294391580913	-0.503244366834618	-3.63405577766631	3.16916874676907	-0.73867215445148	
Myrtales	-58.2957978063722	9	98	95	2.5	1000	102.275800503794	97.5015916561171	112.594343386619	98.8795318525911	0	0	0	-0.000855233514925779	0.275386726418539	0.00108014337743842	0.589021043248179	0.190639658504097	1.10495348598148	8.60380517341275e-05	2.57909104878316	0.597770390565499	-0.676901286228875	-3.64485517426156	2.73300923327509	-1.12820615476069	
Nymphaeales	-40.0486851278103	3	44	102.5	2.5	1000	108.995360987524	102.500513434293	123.921929223927	103.802518363879	0	0	0	-0.000855233514925779	0.380153816497657	0.0100607623254084	0.756700493065272	0.302457662475092	0.985563114017594	0.00126553556229769	2.22947253052477	0.707967362374476	-3.31007488263211	-5.57558745455092	-0.934940006912393	-3.34239978479632	
Oxalidales	-44.6428799609627	7	44	87.5	2.5	1000	96.1220329113496	87.5008890583194	111.404849934604	91.6498101766647	0	0	0	-0.000855233514925779	0.144980559992088	8.96306448891971e-05	0.320848942840074	0.0463195489826782	1.04107163415121	0.000148466358010579	2.71601993448528	0.24738517279819	-0.364383743753336	-3.96320008115287	3.43795164018815	-0.415589258008723	
Pandanales	-29.9938183463871	5	12	97.5	5	1000	118.481914141237	97.6397916761147	155.469777211569	105.686334032338	0	0	0	-0.000855233514925779	0.0158722319156793	7.37388040164699e-05	0.0466285260095982	0.00497836163166153	0.695639528630537	0.000108961088105236	1.88088668801504	0.182323320568945	2.29683668927461	-0.670819109375434	4.93796573036252	3.03231992399934	
Piperales	-28.36968186284	3	17	102.5	5	1000	123.439564439299	102.502881575891	162.814764424263	109.123820194795	0	0	0	-0.000855233514925779	0.0189106624030201	5.26300997515543e-06	0.0834473006784462	0.00185130882230342	2.56682639072247	0.22016716045267	4.74680136358622	2.53639864372635	0.481249686666603	-4.31166231170973	4.26128549456585	2.30610193141747	
Poales	-44.7779602935503	14	71	72.5	2.5	1000	79.1667828370684	72.5000734171072	89.4452837359239	76.4625381933716	0	0	0	-0.000855233514925779	0.192761309120516	0.00752234697443834	0.369886338670856	0.207080416268345	0.953036759771999	0.000333947184356864	2.67015128006949	0.208491748344898	0.155279076537521	-2.95365467244099	3.56456532050325	0.507269924697191	
Proteales	-49.6845095568343	4	106	115	2.5	1000	117.533508338221	115.000286455092	122.180526997862	116.429852483095	0	0	0	-0.000855233514925779	0.954114627864487	0.443652288201853	1.44637151967715	0.985810103419853	0.483071154676893	0.000104062730256118	1.16752161919963	0.158593345110731	-4.09882119492872	-6.43887283872539	-2.01279481459651	-3.90606083144085	
Ranunculales	-60.005247943887	7	71	115	2.5	1000	124.526909131879	115.001563802645	144.959146483626	117.23715887024	0	0	0	-0.000855233514925779	0.183762062188507	0.000833214320076659	0.473679790638611	0.0425053176901759	1.22247605921228	0.000176368121311166	2.58890814101171	0.790119513477628	-1.04626828655881	-3.66325698048102	2.02331280924914	-1.45651216942786	
Rosales	-64.3313743783069	9	149	100	2.5	1000	106.894326495988	102.500705648774	116.205691771258	103.698593735361	0	0	0	-0.000855233514925779	0.281676323150918	0.00494453821072154	0.615797121223639	0.163164495242103	1.73360401106897	0.377220783447728	3.17241395740946	1.5508561361617	-1.02656293349841	-3.21480666613056	0.83420676268385	-1.03693124024166	
Santalales	-31.7308552725843	7	25	72.5	2.5	1000	84.9399146750132	72.5021309483535	107.448884602311	77.129225950099	0	0	0	-0.000855233514925779	0.0378782217405316	3.10938003019091e-05	0.147272030804243	0.00609207613373384	2.67374898197811	0.0012789160934904	5.09891334046434	2.64904685891638	1.46905407133487	-2.50000020270587	5.06422611558869	2.40949575789616	
Sapindales	-61.8465834356767	9	139	100	2.5	1000	104.426530153112	100.000396995461	113.067077058891	101.270009179474	0	0	0	-0.000855233514925779	0.31474547116578	0.0122625322764878	0.710109619321139	0.186298882037027	1.33004356701377	0.012792644019206	2.70243854794301	0.962808507859023	-0.966258447322464	-3.17489508576362	1.73888738843933	-1.0959542734514	
Saxifragales	-61.8065969808385	15	110	102.5	2.5	1000	110.720728598307	105.001129953223	122.774672113281	106.369888038515	0	0	0	-0.000855233514925779	0.168399991449229	0.00124236389005116	0.36359524234626	0.11318325252827	1.05286378356971	0.000370749140640975	2.5348572826495	0.60033068470365	-0.473221841275364	-4.07122503446462	3.4634096763902	-0.543909788955923	
Solanales	-21.9917776780505	5	15	55	2.5	1000	67.1961420926155	55.007341708026	90.2457483303342	59.2151081790549	0	0	0	-0.000855233514925779	0.0572017028038273	3.31634815266497e-05	0.179159813165868	0.0106439553177218	2.35634031685142	0.000509792855904356	5.47700315263472	0.788995744796446	0.870068024379622	-3.0008600816937	4.42480762013306	1.45440502908685	
Zingiberales	-44.7282577264063	8	38	87.5	5	1000	97.4798619196946	87.5237132285673	114.405559967713	91.6439166044829	0	0	0	-0.000855233514925779	0.0314949633038956	0.00027558882178796	0.10441374439731	0.00885851741815601	1.44555692849712	0.00157282381809731	3.10680677918344	1.08079153141168	2.90868425817571	-0.185956357796642	5.58710721572411	3.44643488856619	
